1000 
1000 
1000 
put  115 32 685 4.084177 
get  115 32 685 
put  510 312 235 1.820896 
get  510 312 235 
remove  510 312 235 
put  558 69 324 3.677056 
put  991 257 295 3.065481 
get  558 69 324 
put  58 700 330 4.191163 
get  991 257 295 
get  558 69 324 
get  58 700 330 
get  58 700 330 
get  991 257 295 
put  271 615 798 1.044648 
put  971 179 833 1.644665 
put  582 157 787 4.955589 
get  971 179 833 
get  971 179 833 
put  814 589 55 2.360549 
get  814 589 55 
remove  814 589 55 
put  67 168 985 4.524534 
get  991 257 295 
put  590 695 414 3.040123 
put  981 794 964 1.735784 
get  582 157 787 
put  685 948 681 2.339331 
put  633 87 110 4.694445 
get  582 157 787 
put  1 155 848 3.405465 
get  558 69 324 
put  764 900 196 4.173576 
remove  971 179 833 
get  991 257 295 
put  431 911 219 4.165808 
put  968 979 888 1.183259 
put  271 901 228 3.610959 
get  58 700 330 
get  968 979 888 
put  409 19 221 1.717224 
get  582 157 787 
get  558 69 324 
get  1 155 848 
get  1 155 848 
put  543 940 346 3.35214 
get  543 940 346 
put  822 173 44 4.431285 
get  1 155 848 
get  271 615 798 
remove  968 979 888 
put  584 467 997 2.124414 
put  848 670 529 4.402875 
put  467 595 677 3.859996 
get  271 615 798 
put  567 474 593 2.027133 
put  599 297 743 1.382534 
get  633 87 110 
get  764 900 196 
put  754 929 259 4.192786 
put  165 967 240 1.803388 
put  87 54 128 3.448625 
remove  848 670 529 
get  558 69 324 
get  754 929 259 
get  558 69 324 
get  1 155 848 
get  271 615 798 
get  754 929 259 
put  483 347 617 1.131884 
put  914 70 932 2.22501 
put  959 865 905 2.26946 
put  388 143 647 3.568504 
get  567 474 593 
get  633 87 110 
remove  87 54 128 
get  914 70 932 
put  384 500 314 4.909483 
put  905 63 497 3.096227 
put  748 226 780 2.372422 
remove  754 929 259 
get  543 940 346 
put  519 729 597 2.181426 
get  685 948 681 
put  230 714 534 3.508806 
put  847 81 433 4.268498 
put  458 148 175 1.054171 
put  426 997 663 3.523136 
put  489 978 712 1.384887 
get  519 729 597 
remove  905 63 497 
put  631 586 913 4.112654 
remove  981 794 964 
put  686 369 946 1.189347 
put  624 901 812 2.230426 
get  467 595 677 
remove  543 940 346 
get  582 157 787 
get  686 369 946 
get  388 143 647 
put  727 799 902 2.59685 
remove  624 901 812 
get  58 700 330 
put  193 659 46 4.483418 
remove  991 257 295 
put  986 539 186 1.173576 
put  517 921 177 4.12685 
remove  483 347 617 
put  878 494 516 4.965921 
remove  165 967 240 
put  552 80 730 3.251382 
put  866 957 232 1.901862 
get  467 595 677 
put  628 831 820 3.252667 
put  628 837 129 3.279605 
put  251 352 165 1.815995 
put  235 581 621 2.198551 
put  946 358 43 1.321034 
put  580 531 791 4.897746 
get  946 358 43 
put  538 586 598 4.692363 
get  631 586 913 
get  878 494 516 
put  629 248 14 2.332424 
get  58 700 330 
get  580 531 791 
put  194 457 654 3.870008 
put  956 624 6 2.677122 
put  544 634 79 1.296339 
put  496 196 259 4.144352 
get  628 837 129 
put  170 25 808 4.953114 
put  847 312 500 4.698443 
put  89 738 867 1.892207 
get  822 173 44 
put  304 265 99 4.02081 
put  929 809 595 4.668104 
get  544 634 79 
put  511 8 300 4.459278 
get  467 595 677 
put  531 893 613 4.560412 
put  15 933 974 2.043711 
put  108 779 961 1.171713 
put  550 718 818 1.223118 
get  628 831 820 
put  726 216 965 4.998816 
put  832 465 354 2.286193 
get  544 634 79 
put  122 874 578 2.407608 
put  895 993 705 3.769737 
put  760 899 869 4.629948 
put  938 319 648 3.439785 
put  739 967 277 2.743179 
get  458 148 175 
get  959 865 905 
put  961 440 476 1.370596 
put  558 264 342 3.010527 
get  914 70 932 
put  895 431 115 3.555602 
put  58 320 810 1.396629 
put  952 714 347 1.329005 
get  631 586 913 
put  391 672 226 4.091956 
get  230 714 534 
put  123 551 33 1.459885 
get  878 494 516 
put  247 477 266 1.172582 
get  727 799 902 
get  426 997 663 
put  615 306 580 3.398036 
put  833 68 30 1.856222 
get  986 539 186 
put  368 637 309 4.512346 
get  511 8 300 
put  884 644 408 4.558601 
get  391 672 226 
get  409 19 221 
put  470 971 489 1.035886 
get  599 297 743 
get  584 467 997 
put  503 277 109 1.512579 
put  624 484 485 4.555441 
put  607 455 560 1.063127 
put  322 922 912 1.362659 
put  487 259 172 4.239964 
put  967 111 597 4.859149 
put  911 845 511 2.057104 
get  519 729 597 
put  332 174 978 2.383889 
put  292 656 19 3.722313 
put  881 874 815 2.190496 
put  621 96 280 4.053182 
get  89 738 867 
put  755 902 967 4.489463 
put  508 551 801 1.405959 
put  711 359 872 4.68084 
put  406 890 259 4.962508 
get  929 809 595 
put  501 936 703 4.080106 
get  431 911 219 
put  714 792 151 3.789603 
get  946 358 43 
put  250 927 268 2.54899 
get  938 319 648 
get  467 595 677 
get  884 644 408 
put  768 218 353 4.537754 
get  487 259 172 
put  455 303 332 3.65982 
put  477 87 705 3.533819 
get  764 900 196 
put  725 149 838 2.832499 
put  375 670 242 2.35408 
put  154 826 440 4.322653 
get  487 259 172 
get  193 659 46 
remove  406 890 259 
put  160 653 253 1.540966 
put  435 889 826 3.196285 
put  705 469 770 4.67427 
get  496 196 259 
put  10 357 930 3.322384 
get  108 779 961 
get  914 70 932 
get  487 259 172 
put  380 412 419 3.890308 
get  748 226 780 
get  271 901 228 
put  864 772 343 3.095893 
put  570 766 637 1.070082 
put  531 107 539 1.060964 
put  676 668 815 4.661704 
get  15 933 974 
put  616 516 224 1.45212 
put  502 864 185 3.961735 
put  171 628 170 1.094901 
remove  878 494 516 
get  501 936 703 
get  725 149 838 
get  833 68 30 
get  676 668 815 
put  373 653 915 4.251121 
get  15 933 974 
get  251 352 165 
get  952 714 347 
put  878 768 250 2.571138 
get  631 586 913 
get  250 927 268 
put  901 94 954 4.200761 
put  924 452 321 4.096949 
get  760 899 869 
put  459 873 285 3.569319 
get  616 516 224 
put  885 232 637 3.04576 
get  624 484 485 
put  664 462 784 4.261437 
put  854 836 280 2.004863 
put  371 91 792 2.603679 
get  607 455 560 
get  503 277 109 
put  428 497 258 4.462638 
get  502 864 185 
put  238 383 400 2.119274 
put  832 854 421 3.878964 
remove  726 216 965 
put  627 658 390 3.368862 
get  558 264 342 
get  938 319 648 
get  599 297 743 
get  621 96 280 
put  243 906 287 1.598779 
put  827 585 676 4.360246 
put  437 920 935 1.779104 
get  502 864 185 
get  864 772 343 
put  706 950 890 4.368684 
put  821 714 418 2.289798 
put  254 392 497 4.360175 
put  608 674 572 2.829344 
get  123 551 33 
put  561 93 143 1.825736 
put  153 441 892 3.076112 
get  580 531 791 
put  974 644 682 3.848204 
put  290 953 152 3.72016 
get  160 653 253 
remove  628 831 820 
put  14 434 456 3.563929 
get  371 91 792 
remove  254 392 497 
put  393 463 352 1.160996 
put  688 645 657 2.69139 
put  382 545 639 1.363315 
put  555 3 60 1.202236 
get  89 738 867 
put  693 545 328 3.180388 
put  75 369 694 1.105008 
put  143 27 742 3.908923 
get  384 500 314 
get  194 457 654 
get  631 586 913 
put  444 958 377 3.273193 
remove  508 551 801 
put  781 280 675 1.6242 
get  914 70 932 
put  660 257 732 3.679231 
put  164 356 525 2.31949 
put  950 67 998 1.003809 
put  504 233 861 1.107936 
put  166 407 297 3.558436 
put  305 494 696 1.324413 
put  923 950 281 2.997085 
put  164 509 291 1.526417 
put  716 68 859 4.125696 
get  832 465 354 
put  635 882 483 1.616244 
remove  629 248 14 
get  714 792 151 
put  987 610 151 2.459095 
get  938 319 648 
put  313 358 217 3.963492 
get  631 586 913 
get  431 911 219 
put  333 916 963 2.149645 
put  41 118 611 4.062237 
put  746 529 132 2.570401 
put  118 100 220 2.725612 
remove  487 259 172 
get  781 280 675 
remove  313 358 217 
get  832 854 421 
get  123 551 33 
get  760 899 869 
get  821 714 418 
put  262 763 258 3.237716 
get  570 766 637 
put  408 974 245 2.051174 
put  923 318 259 3.93401 
get  833 68 30 
get  833 68 30 
get  122 874 578 
put  883 345 313 1.089234 
get  67 168 985 
put  306 714 896 1.060272 
put  407 715 343 4.108906 
put  500 384 793 2.187521 
get  153 441 892 
get  580 531 791 
get  437 920 935 
put  168 385 272 2.111565 
remove  864 772 343 
get  500 384 793 
put  651 693 704 1.416676 
get  511 8 300 
remove  384 500 314 
remove  895 431 115 
get  292 656 19 
get  847 81 433 
put  435 256 642 1.082009 
get  247 477 266 
get  193 659 46 
get  322 922 912 
get  878 768 250 
get  235 581 621 
get  538 586 598 
put  410 896 443 3.396221 
remove  437 920 935 
get  455 303 332 
get  764 900 196 
put  467 931 582 3.638748 
remove  952 714 347 
put  42 296 341 3.09756 
get  251 352 165 
put  101 663 686 1.936916 
get  558 264 342 
get  500 384 793 
put  696 769 19 1.110322 
get  235 581 621 
put  522 815 821 2.144521 
remove  382 545 639 
get  193 659 46 
put  726 125 48 2.671612 
put  237 565 423 4.516251 
get  1 155 848 
get  160 653 253 
put  508 21 572 4.500131 
put  484 990 715 1.946312 
get  1 155 848 
remove  435 889 826 
put  11 849 424 1.389032 
get  143 27 742 
remove  938 319 648 
remove  393 463 352 
get  561 93 143 
get  467 931 582 
put  787 397 390 3.619868 
get  685 948 681 
get  467 595 677 
get  706 950 890 
get  193 659 46 
put  341 404 456 2.418274 
remove  760 899 869 
put  983 21 208 3.706356 
get  787 397 390 
get  380 412 419 
put  370 843 307 2.790006 
get  555 3 60 
get  341 404 456 
get  306 714 896 
put  266 747 98 2.228103 
get  292 656 19 
get  292 656 19 
put  592 545 999 2.629953 
remove  827 585 676 
put  520 543 701 4.352256 
put  300 894 433 2.992951 
put  794 463 84 3.269677 
put  940 671 157 3.468767 
get  635 882 483 
put  711 25 855 1.184036 
put  307 284 539 2.865954 
put  67 134 799 4.168227 
get  726 125 48 
get  580 531 791 
put  496 790 299 2.76159 
get  332 174 978 
get  504 233 861 
put  437 86 548 3.641799 
get  470 971 489 
put  687 265 588 4.662301 
put  152 564 95 4.185867 
put  886 316 917 1.598517 
put  233 527 887 4.264853 
put  484 239 662 4.468348 
get  561 93 143 
put  305 891 612 1.931454 
get  459 873 285 
put  264 985 962 3.153206 
remove  504 233 861 
remove  247 477 266 
remove  166 407 297 
get  42 296 341 
put  44 350 980 2.016354 
get  983 21 208 
put  714 978 506 2.663013 
put  397 460 521 2.116957 
put  924 936 965 4.87232 
remove  923 318 259 
put  554 270 381 3.635151 
put  932 291 258 1.888209 
get  932 291 258 
remove  627 658 390 
remove  787 397 390 
get  607 455 560 
remove  895 993 705 
get  304 265 99 
put  411 191 539 3.13792 
put  99 121 742 3.706027 
get  477 87 705 
put  519 179 704 1.439264 
put  692 677 976 4.882467 
put  609 601 652 1.70965 
get  558 69 324 
put  855 425 334 4.679152 
put  543 932 862 1.908992 
put  484 466 834 1.86305 
remove  847 312 500 
put  726 657 623 3.532777 
put  325 298 283 3.721793 
get  631 586 913 
put  975 844 629 1.746399 
put  178 961 343 4.924146 
put  820 628 164 1.986587 
get  444 958 377 
put  647 180 970 1.5333 
put  648 187 22 2.578903 
put  989 153 215 2.235602 
remove  410 896 443 
get  726 657 623 
get  305 494 696 
get  555 3 60 
remove  407 715 343 
put  9 680 941 2.515313 
get  153 441 892 
put  272 176 432 4.112603 
put  925 907 839 4.294823 
put  388 718 665 3.602147 
put  408 887 314 4.986608 
get  368 637 309 
put  882 587 420 4.622032 
get  881 874 815 
get  519 179 704 
put  493 136 14 2.932657 
put  564 935 239 2.262236 
put  119 927 908 1.610133 
get  271 615 798 
put  136 108 94 1.832416 
put  535 115 297 1.808791 
put  668 473 278 1.791006 
get  501 936 703 
remove  262 763 258 
put  890 917 530 2.863629 
put  867 251 201 2.166328 
remove  522 815 821 
remove  243 906 287 
remove  987 610 151 
remove  822 173 44 
put  568 983 211 1.692298 
put  502 981 49 2.281345 
put  534 764 389 4.644623 
put  484 807 731 3.814621 
put  786 833 81 2.696579 
put  506 202 43 2.25158 
put  339 563 592 3.658861 
put  409 427 635 1.752795 
put  132 611 480 3.081463 
get  10 357 930 
get  496 790 299 
remove  633 87 110 
get  250 927 268 
remove  119 927 908 
get  616 516 224 
put  227 531 481 4.283676 
put  310 140 481 1.001902 
put  12 627 422 1.76015 
get  631 586 913 
get  388 143 647 
remove  160 653 253 
put  501 708 368 1.492914 
get  477 87 705 
get  686 369 946 
remove  615 306 580 
put  69 805 287 4.232009 
get  233 527 887 
put  506 478 528 4.991995 
get  967 111 597 
remove  477 87 705 
put  341 461 625 3.016574 
put  659 971 188 2.680211 
get  580 531 791 
get  986 539 186 
put  659 258 411 4.867917 
get  580 531 791 
get  929 809 595 
remove  659 258 411 
get  660 257 732 
put  913 823 892 4.578552 
put  528 562 463 1.104692 
put  136 187 552 2.653522 
remove  664 462 784 
remove  408 887 314 
put  363 136 3 2.150369 
get  794 463 84 
get  552 80 730 
get  444 958 377 
get  748 226 780 
put  435 796 416 1.681084 
put  755 873 270 3.095082 
put  931 690 766 1.711425 
put  728 469 970 1.631513 
remove  624 484 485 
put  126 483 694 2.40746 
put  483 523 699 2.808438 
get  380 412 419 
get  373 653 915 
get  705 469 770 
get  251 352 165 
put  955 631 111 3.686178 
put  361 661 64 3.857289 
get  10 357 930 
put  541 609 707 1.178742 
put  721 78 870 1.299915 
put  940 968 403 4.963001 
get  558 69 324 
put  81 866 810 4.570212 
remove  397 460 521 
get  607 455 560 
put  337 668 138 4.763352 
get  123 551 33 
remove  768 218 353 
get  531 893 613 
put  851 419 199 4.721247 
remove  961 440 476 
put  488 502 734 3.14708 
get  290 953 152 
remove  932 291 258 
put  590 320 215 4.375461 
put  432 207 163 2.450327 
put  811 361 275 1.582905 
get  193 659 46 
put  739 882 651 1.067397 
put  125 642 466 1.896389 
get  69 805 287 
put  408 495 617 3.759487 
put  906 350 651 1.220749 
put  956 253 981 1.204373 
put  241 278 951 1.543617 
put  90 630 262 3.75125 
get  136 108 94 
remove  989 153 215 
get  75 369 694 
get  426 997 663 
remove  496 196 259 
get  925 907 839 
get  9 680 941 
put  846 303 513 1.200375 
get  519 729 597 
put  560 476 577 1.129072 
put  895 85 525 4.784476 
put  630 768 506 2.493417 
put  478 322 998 4.258833 
remove  484 990 715 
remove  470 971 489 
put  792 646 638 1.070459 
put  273 830 24 2.858685 
remove  924 936 965 
put  173 172 603 2.155162 
put  768 812 651 3.398354 
get  467 595 677 
get  558 264 342 
put  751 125 48 1.89435 
put  720 646 282 4.422873 
put  19 294 609 1.752897 
get  688 645 657 
put  386 93 233 1.121326 
get  693 545 328 
put  207 222 837 1.424542 
get  207 222 837 
put  109 914 45 4.869828 
get  552 80 730 
get  310 140 481 
put  499 700 999 4.156775 
remove  660 257 732 
put  646 160 181 4.169404 
put  750 536 747 1.333892 
get  986 539 186 
put  804 338 382 3.935244 
put  110 680 171 3.95123 
put  495 735 709 1.864489 
get  676 668 815 
put  272 750 972 2.666218 
put  338 387 272 2.971472 
remove  386 93 233 
get  459 873 285 
get  847 81 433 
remove  154 826 440 
put  241 541 879 3.214946 
get  804 338 382 
get  693 545 328 
put  591 299 664 2.559477 
put  701 549 246 3.088425 
get  388 718 665 
get  478 322 998 
get  12 627 422 
put  360 916 433 4.525693 
put  138 881 716 3.137012 
put  309 50 903 2.036176 
get  428 497 258 
put  524 349 574 4.565623 
get  235 581 621 
get  820 628 164 
get  332 174 978 
remove  484 239 662 
put  776 511 124 2.161179 
get  832 465 354 
put  916 903 963 3.791128 
remove  726 657 623 
put  214 242 118 3.442232 
get  250 927 268 
put  186 80 142 4.638849 
put  586 234 660 3.988611 
get  567 474 593 
put  887 829 668 4.81384 
put  50 429 186 2.757749 
remove  341 404 456 
put  739 492 884 1.513464 
put  668 896 242 4.773487 
get  821 714 418 
put  716 591 621 3.986153 
get  273 830 24 
get  558 264 342 
get  499 700 999 
put  92 727 589 4.400277 
get  238 383 400 
put  158 377 145 2.122116 
put  741 953 555 3.425815 
remove  846 303 513 
put  39 60 24 3.734938 
get  227 531 481 
get  15 933 974 
remove  273 830 24 
get  688 645 657 
remove  368 637 309 
get  739 492 884 
get  956 253 981 
get  502 864 185 
put  500 880 401 4.5917 
put  486 709 917 2.831824 
put  178 286 97 3.993514 
get  500 384 793 
remove  408 495 617 
put  561 652 455 2.722211 
put  854 292 515 2.897523 
put  922 521 792 2.321769 
get  524 349 574 
put  218 52 88 3.398326 
put  583 42 555 4.440242 
get  126 483 694 
get  193 659 46 
get  307 284 539 
get  39 60 24 
get  10 357 930 
get  44 350 980 
get  218 52 88 
put  323 643 844 1.282087 
put  752 963 139 4.345241 
put  9 754 219 3.250206 
get  11 849 424 
get  804 338 382 
put  929 534 561 2.404017 
remove  193 659 46 
remove  370 843 307 
get  241 541 879 
get  628 837 129 
put  637 722 225 2.544127 
get  931 690 766 
put  609 394 556 3.358539 
get  739 492 884 
put  143 314 395 2.230804 
get  75 369 694 
get  237 565 423 
get  786 833 81 
remove  716 68 859 
get  9 680 941 
remove  599 297 743 
put  159 378 451 4.622965 
put  939 479 248 4.007739 
get  956 624 6 
put  585 886 133 1.99558 
get  794 463 84 
put  327 885 914 1.016307 
get  501 708 368 
remove  171 628 170 
get  323 643 844 
remove  322 922 912 
put  359 226 476 3.776132 
get  560 476 577 
get  609 601 652 
get  218 52 88 
get  435 256 642 
get  668 473 278 
put  746 959 617 4.764319 
put  388 264 692 2.613236 
get  132 611 480 
get  115 32 685 
put  810 576 596 1.741082 
get  716 591 621 
put  747 288 653 4.366302 
put  473 471 657 4.971706 
put  270 261 22 2.568825 
put  608 525 425 4.136157 
put  768 547 473 1.002407 
get  143 27 742 
get  309 50 903 
remove  444 958 377 
put  335 866 517 1.899299 
put  236 574 46 2.19175 
put  250 932 747 1.770502 
put  442 523 541 1.698406 
put  737 185 585 4.312176 
put  55 189 358 1.668221 
get  737 185 585 
put  347 801 996 2.920041 
get  411 191 539 
get  631 586 913 
put  616 940 80 4.129965 
put  693 432 228 3.907667 
get  544 634 79 
put  728 487 798 3.558897 
get  631 586 913 
get  887 829 668 
put  91 592 604 2.864282 
put  657 659 659 4.415036 
put  879 209 270 3.510883 
get  764 900 196 
put  429 692 304 1.964129 
get  118 100 220 
get  883 345 313 
put  879 989 773 3.723045 
put  612 982 175 3.51892 
put  180 793 687 3.127256 
put  657 952 937 1.910805 
remove  676 668 815 
remove  478 322 998 
remove  42 296 341 
get  12 627 422 
get  810 576 596 
get  750 536 747 
put  655 623 541 3.296447 
put  810 542 888 2.976367 
put  303 327 153 1.255639 
remove  55 189 358 
get  180 793 687 
get  528 562 463 
remove  748 226 780 
get  506 202 43 
get  706 950 890 
remove  519 179 704 
get  764 900 196 
put  117 824 222 4.44927 
put  821 376 975 1.921932 
put  25 315 378 2.989867 
get  855 425 334 
get  152 564 95 
get  590 695 414 
get  885 232 637 
get  501 708 368 
get  886 316 917 
put  868 325 639 4.237421 
get  230 714 534 
put  622 824 586 4.208431 
get  170 25 808 
put  50 653 520 1.317717 
put  765 454 171 1.327167 
put  10 893 348 1.240938 
put  226 687 380 4.698628 
put  622 981 461 3.472251 
get  371 91 792 
put  623 431 686 1.970614 
get  489 978 712 
get  974 644 682 
put  382 311 887 3.905702 
put  8 146 642 4.305365 
get  879 209 270 
get  851 419 199 
get  560 476 577 
get  725 149 838 
put  983 924 498 3.410088 
get  524 349 574 
get  623 431 686 
put  604 247 561 3.360931 
get  746 959 617 
get  489 978 712 
get  333 916 963 
put  646 406 397 3.222896 
get  561 652 455 
remove  535 115 297 
get  975 844 629 
put  872 763 130 4.424412 
put  905 189 143 4.107855 
put  759 691 149 4.598645 
get  765 454 171 
put  673 758 349 2.040713 
put  643 551 33 3.907267 
put  916 566 309 3.034116 
put  311 609 519 1.465759 
remove  706 950 890 
remove  759 691 149 
remove  868 325 639 
get  528 562 463 
put  526 539 191 1.108186 
remove  486 709 917 
put  302 810 136 1.124087 
get  561 652 455 
put  227 737 157 4.912968 
get  158 377 145 
put  881 5 481 4.957924 
get  483 523 699 
get  302 810 136 
put  767 732 108 4.840608 
put  992 306 60 2.475031 
put  681 587 361 2.21704 
put  937 9 970 1.246985 
put  694 309 646 4.870063 
put  802 868 897 3.258488 
get  931 690 766 
get  305 891 612 
put  180 856 580 1.925 
put  812 314 812 2.029575 
put  508 557 973 2.541745 
put  45 899 381 3.091149 
get  895 85 525 
put  952 982 711 2.352646 
get  272 176 432 
put  939 917 797 2.643029 
put  35 156 588 4.339062 
get  531 893 613 
put  294 966 348 2.212528 
put  853 458 92 4.986911 
get  303 327 153 
get  881 5 481 
get  696 769 19 
put  178 540 479 3.09355 
remove  122 874 578 
put  499 563 295 1.072311 
get  323 643 844 
get  91 592 604 
put  288 979 550 2.549591 
put  319 382 726 3.879982 
get  905 189 143 
put  11 917 11 4.407695 
put  719 231 288 1.205388 
put  382 922 594 2.720549 
get  879 209 270 
get  241 278 951 
get  373 653 915 
put  673 298 546 1.202587 
remove  792 646 638 
put  744 993 392 2.085553 
put  561 93 33 1.544825 
get  685 948 681 
get  728 469 970 
put  157 824 60 4.963954 
get  178 540 479 
get  409 19 221 
get  19 294 609 
put  797 322 634 1.207612 
get  821 376 975 
get  940 968 403 
put  856 531 845 1.051247 
remove  833 68 30 
put  761 738 892 3.908745 
put  480 379 828 1.53138 
put  760 487 44 1.771933 
put  43 868 980 3.912776 
get  711 359 872 
put  24 258 478 4.206495 
get  58 700 330 
put  163 390 858 4.681263 
put  64 777 243 4.614588 
put  268 722 797 2.543034 
get  657 659 659 
get  431 911 219 
get  411 191 539 
get  705 469 770 
put  271 111 768 2.334598 
put  681 39 15 2.121195 
remove  648 187 22 
put  792 791 860 1.680079 
put  707 998 84 1.764744 
put  345 294 990 2.310904 
get  931 690 766 
put  345 551 318 3.905965 
put  712 29 969 1.64692 
put  702 339 107 2.588443 
put  286 187 118 2.462676 
put  382 93 438 3.545612 
get  473 471 657 
get  592 545 999 
get  716 591 621 
put  133 121 525 1.98266 
get  608 674 572 
get  707 998 84 
put  870 462 657 4.688118 
remove  851 419 199 
get  781 280 675 
get  35 156 588 
put  645 128 563 2.497386 
remove  628 837 129 
remove  237 565 423 
get  568 983 211 
remove  502 864 185 
get  501 936 703 
get  388 718 665 
get  739 492 884 
get  50 429 186 
get  901 94 954 
put  873 880 921 1.195531 
put  257 849 969 2.399216 
get  335 866 517 
put  915 284 891 3.975622 
get  746 529 132 
put  828 69 214 1.020494 
put  223 366 524 1.257388 
get  895 85 525 
put  512 849 787 4.336927 
put  817 375 425 4.977892 
get  24 258 478 
put  653 583 911 3.78397 
put  359 621 952 3.007344 
get  913 823 892 
get  43 868 980 
put  850 647 955 3.777601 
get  408 974 245 
remove  484 466 834 
put  673 525 766 1.270599 
get  159 378 451 
get  721 78 870 
remove  760 487 44 
get  429 692 304 
put  36 762 341 1.926638 
get  455 303 332 
put  494 427 486 2.458632 
get  294 966 348 
put  587 411 613 4.921079 
get  764 900 196 
put  530 828 437 3.79003 
get  850 647 955 
put  981 347 992 4.093441 
