1e+06 
1e+06 
1e+06 
put  283483 251192 525660 4.815011 
get  283483 251192 525660 
get  283483 251192 525660 
put  330862 952235 363798 4.55856 
put  94864 560901 512988 4.621912 
get  94864 560901 512988 
put  626526 132970 176910 1.542135 
put  460711 352034 877927 1.520218 
put  586797 453408 983808 3.315524 
put  157021 31154 460455 2.401845 
get  283483 251192 525660 
put  363017 645783 153728 3.779826 
get  283483 251192 525660 
get  586797 453408 983808 
put  855758 797105 840414 4.458923 
put  631205 307082 368724 2.885824 
put  639164 549640 990646 2.111154 
put  459409 854984 901860 4.118807 
put  326789 661782 64722 1.10259 
put  58782 436009 237591 2.544469 
get  363017 645783 153728 
remove  58782 436009 237591 
get  326789 661782 64722 
get  330862 952235 363798 
get  94864 560901 512988 
get  586797 453408 983808 
put  689176 343665 911825 3.83734 
put  841817 93771 193616 1.313466 
get  626526 132970 176910 
get  841817 93771 193616 
get  330862 952235 363798 
put  445235 113800 319410 3.172317 
put  680166 300810 140032 2.996235 
get  157021 31154 460455 
get  283483 251192 525660 
remove  841817 93771 193616 
get  283483 251192 525660 
get  330862 952235 363798 
get  363017 645783 153728 
put  80880 92117 677571 3.904426 
put  373935 577415 502306 1.430123 
remove  689176 343665 911825 
get  680166 300810 140032 
get  639164 549640 990646 
put  889445 441687 699435 2.505378 
get  157021 31154 460455 
put  767342 760260 949235 2.460747 
get  889445 441687 699435 
put  458959 788815 677483 3.26877 
put  363423 387249 630206 1.390018 
get  373935 577415 502306 
put  670495 397557 111802 3.428366 
get  157021 31154 460455 
put  173814 131255 211893 1.445813 
put  576942 105044 989937 1.108313 
get  326789 661782 64722 
put  148509 430173 808874 2.295426 
get  680166 300810 140032 
get  586797 453408 983808 
get  680166 300810 140032 
put  660834 241223 885998 1.299187 
remove  626526 132970 176910 
put  123116 496616 272965 2.920726 
get  123116 496616 272965 
put  945891 365999 30893 2.765124 
get  586797 453408 983808 
put  601309 180261 234497 2.477597 
put  33682 650129 319069 3.146422 
put  325395 397374 689995 4.250897 
get  945891 365999 30893 
get  33682 650129 319069 
put  874377 365687 65073 3.305462 
put  278877 540171 166688 1.089225 
put  175301 858877 891634 1.376933 
remove  459409 854984 901860 
get  670495 397557 111802 
put  570961 720328 543825 1.510696 
put  709852 539324 758775 4.456069 
put  20875 238311 424866 2.455851 
put  798644 104478 260686 3.083232 
put  179718 237563 692926 3.19657 
put  279809 965804 662608 4.36194 
put  171630 243734 398657 2.31943 
put  456136 828478 672461 2.410395 
get  874377 365687 65073 
get  33682 650129 319069 
get  798644 104478 260686 
get  283483 251192 525660 
put  465460 662479 707565 2.011189 
put  906928 798323 719623 3.945673 
put  609453 829614 840115 1.331349 
remove  798644 104478 260686 
put  527874 910883 71128 1.326649 
get  945891 365999 30893 
get  465460 662479 707565 
remove  680166 300810 140032 
put  461802 969341 37170 2.245185 
get  373935 577415 502306 
put  444721 259011 936872 2.727146 
get  278877 540171 166688 
put  972686 475639 219924 3.794251 
put  846756 426487 654835 3.953729 
remove  157021 31154 460455 
get  709852 539324 758775 
put  448077 102937 745742 2.910611 
get  325395 397374 689995 
put  201624 610524 534514 4.728021 
put  313872 492268 380248 1.993681 
put  470422 574682 760460 2.317753 
get  326789 661782 64722 
put  992895 460639 450263 4.142397 
get  992895 460639 450263 
put  894763 969838 774868 4.688378 
put  640411 763360 239034 3.094573 
get  444721 259011 936872 
put  797761 308778 370933 2.753375 
put  418187 152755 945737 3.371824 
get  709852 539324 758775 
put  711645 606539 116591 4.91872 
put  581277 282794 569310 1.864505 
put  662056 405080 357997 3.570945 
get  326789 661782 64722 
get  470422 574682 760460 
get  711645 606539 116591 
put  283125 912694 422529 4.309623 
put  55254 497423 976775 4.143745 
get  894763 969838 774868 
remove  527874 910883 71128 
get  325395 397374 689995 
get  660834 241223 885998 
get  363423 387249 630206 
put  661063 182276 994910 4.14861 
put  870553 223966 818172 1.455264 
put  435976 681250 238921 4.725638 
remove  601309 180261 234497 
put  337455 982834 895521 1.694353 
put  957752 708653 654407 3.309626 
get  670495 397557 111802 
get  576942 105044 989937 
put  800305 204423 696373 3.050979 
put  990919 865526 937680 3.991631 
get  660834 241223 885998 
put  347869 995258 316036 2.789753 
get  458959 788815 677483 
get  33682 650129 319069 
put  626388 422662 555870 4.563745 
put  659018 473703 80563 4.535184 
get  148509 430173 808874 
put  404441 363796 147122 3.059377 
put  853303 528832 366952 1.56351 
put  916289 131889 529531 3.883781 
put  938457 12509 184488 3.921728 
get  581277 282794 569310 
get  94864 560901 512988 
get  363423 387249 630206 
put  53759 751012 42019 3.676073 
get  330862 952235 363798 
put  361557 345076 223009 2.627287 
get  458959 788815 677483 
put  245372 47895 736052 3.801331 
put  272111 129705 873480 3.518504 
get  874377 365687 65073 
put  655726 676552 915018 2.253234 
put  17105 921938 854264 2.804249 
get  626388 422662 555870 
put  764052 913117 291665 2.427978 
put  627148 355131 147337 3.141434 
put  893669 379847 439562 1.96406 
remove  53759 751012 42019 
get  609453 829614 840115 
get  767342 760260 949235 
put  385252 632579 884577 2.058525 
get  957752 708653 654407 
get  283483 251192 525660 
put  448601 652558 209041 1.174107 
get  418187 152755 945737 
get  458959 788815 677483 
put  636327 220672 998339 1.842246 
get  990919 865526 937680 
get  283483 251192 525660 
get  435976 681250 238921 
get  972686 475639 219924 
put  142899 2599 362631 3.763343 
get  636327 220672 998339 
get  361557 345076 223009 
get  404441 363796 147122 
put  477066 892601 705769 4.966345 
get  445235 113800 319410 
get  278877 540171 166688 
get  626388 422662 555870 
get  373935 577415 502306 
put  918586 88925 448065 3.576314 
get  894763 969838 774868 
put  123191 760397 640348 1.527424 
put  489485 654261 906497 2.404905 
get  373935 577415 502306 
put  184391 924191 182168 3.304171 
remove  123116 496616 272965 
put  867926 483561 517467 1.032958 
remove  570961 720328 543825 
put  917956 81468 630144 2.563542 
put  540597 861203 131832 1.47991 
get  94864 560901 512988 
get  272111 129705 873480 
get  201624 610524 534514 
put  608831 532623 155447 3.97069 
get  201624 610524 534514 
get  945891 365999 30893 
put  72730 532022 826739 2.246273 
put  46860 152587 41950 3.555503 
remove  609453 829614 840115 
get  46860 152587 41950 
get  662056 405080 357997 
put  150961 998859 628859 3.470313 
get  470422 574682 760460 
put  293883 714327 674982 3.76315 
put  938170 13538 253250 3.40452 
put  593781 313004 861553 2.545104 
put  217376 402378 886448 1.503689 
get  279809 965804 662608 
put  64856 839168 607566 1.790605 
get  627148 355131 147337 
put  295539 863342 179668 3.20376 
remove  767342 760260 949235 
get  123191 760397 640348 
put  930188 263899 62082 3.677008 
remove  477066 892601 705769 
get  581277 282794 569310 
put  271346 712905 812158 4.903157 
put  326040 803316 514158 2.127507 
put  531997 537467 879594 1.988759 
get  930188 263899 62082 
get  293883 714327 674982 
get  990919 865526 937680 
get  337455 982834 895521 
remove  874377 365687 65073 
put  910885 41833 480836 2.027627 
put  471815 769686 297098 4.122045 
get  278877 540171 166688 
put  360720 661819 854952 4.771353 
remove  64856 839168 607566 
remove  444721 259011 936872 
put  530990 279204 314950 1.220157 
put  64844 932035 624830 3.840807 
put  14553 441198 334076 3.401375 
get  894763 969838 774868 
put  509310 326102 353299 4.59314 
put  532617 829096 269988 2.948005 
put  967836 792157 832663 3.626273 
get  894763 969838 774868 
put  492336 668151 782077 2.575324 
put  258806 669989 63639 2.070798 
put  404658 268006 581003 3.801153 
put  621473 720452 406285 4.264857 
put  468788 982735 893463 3.895546 
get  540597 861203 131832 
put  890056 558275 989006 1.787045 
put  386709 366062 452603 4.024099 
put  635436 92519 255118 1.077911 
get  631205 307082 368724 
put  266518 558818 92312 2.033008 
put  167552 9891 101234 3.424963 
put  140777 471004 791010 1.581257 
put  587810 731229 617330 1.234396 
put  449682 976960 737382 4.226392 
get  33682 650129 319069 
put  17829 57088 401243 3.294818 
get  148509 430173 808874 
put  393515 853485 855481 1.713569 
remove  360720 661819 854952 
remove  635436 92519 255118 
get  621473 720452 406285 
remove  576942 105044 989937 
put  769386 572888 698151 2.45725 
get  540597 861203 131832 
put  15635 672681 318527 4.112777 
put  741870 304484 390431 2.269335 
put  99032 774132 418251 3.7722 
get  72730 532022 826739 
get  17105 921938 854264 
get  373935 577415 502306 
get  80880 92117 677571 
remove  326789 661782 64722 
get  15635 672681 318527 
put  396748 376699 415795 4.562062 
get  167552 9891 101234 
put  190597 350615 456382 2.381772 
put  365183 768800 815999 2.368768 
put  739991 804706 263688 4.316878 
put  559314 1344 82340 3.742821 
put  684418 72875 444145 1.814813 
put  476606 734855 287465 3.378958 
get  385252 632579 884577 
get  55254 497423 976775 
put  873444 933382 623183 1.3 
put  965997 868053 953234 1.486936 
put  803103 623906 194158 2.548006 
put  604854 357266 510748 2.179549 
put  643125 72829 617950 3.978481 
remove  448077 102937 745742 
get  916289 131889 529531 
put  215799 998012 258516 4.241221 
put  416476 788992 964011 3.306209 
put  229776 571622 500259 2.201222 
put  211018 104427 485776 1.244358 
get  266518 558818 92312 
get  361557 345076 223009 
put  468158 680534 322313 4.566506 
put  405239 355681 569187 3.724282 
put  537393 395623 26272 1.449158 
remove  604854 357266 510748 
remove  313872 492268 380248 
get  938457 12509 184488 
put  523825 84692 592684 3.742099 
put  136903 364913 428725 1.379993 
put  809720 915803 498420 1.748595 
get  918586 88925 448065 
remove  279809 965804 662608 
put  674295 259347 285361 3.376787 
put  26243 309966 421514 4.947604 
remove  80880 92117 677571 
get  586797 453408 983808 
get  456136 828478 672461 
put  564597 78714 464748 1.709731 
get  99032 774132 418251 
put  531450 629781 48829 1.295481 
put  346614 287249 65431 4.660222 
get  916289 131889 529531 
remove  215799 998012 258516 
remove  272111 129705 873480 
put  882715 858907 938763 2.194607 
get  867926 483561 517467 
put  623366 391253 537114 1.813608 
get  468788 982735 893463 
get  258806 669989 63639 
get  670495 397557 111802 
put  947395 815197 894762 3.088298 
remove  684418 72875 444145 
get  797761 308778 370933 
put  233601 740860 313659 2.707198 
put  559957 406726 346251 1.308974 
get  173814 131255 211893 
get  33682 650129 319069 
get  559957 406726 346251 
get  855758 797105 840414 
put  544409 722730 165244 2.500974 
put  866816 611674 894257 1.205061 
put  588137 138870 914075 3.170307 
put  33074 406116 806287 3.041502 
put  393529 137937 155761 3.274595 
put  329855 776175 28945 3.717924 
remove  461802 969341 37170 
get  853303 528832 366952 
get  659018 473703 80563 
put  341520 962722 904845 4.675391 
put  547036 415405 553727 3.996989 
remove  363423 387249 630206 
get  17105 921938 854264 
put  83752 149074 958699 4.270593 
remove  140777 471004 791010 
put  605802 44007 867337 1.143395 
get  559957 406726 346251 
get  295539 863342 179668 
put  353449 324227 769758 3.033144 
get  365183 768800 815999 
get  175301 858877 891634 
put  319620 785090 13267 4.667771 
put  576214 25403 834042 1.473348 
put  899654 203044 260005 1.028663 
put  355571 401649 258874 3.792283 
put  117773 937522 468351 2.516085 
get  741870 304484 390431 
put  258975 240724 99929 1.359554 
get  660834 241223 885998 
put  567496 197044 369519 4.889363 
put  862668 477026 983235 2.299386 
get  899654 203044 260005 
put  595010 898845 960423 4.142134 
put  435982 187157 565970 3.546588 
get  330862 952235 363798 
get  448601 652558 209041 
get  741870 304484 390431 
put  4528 341406 662287 4.858581 
put  842977 500314 22864 4.041219 
put  726925 495404 89803 4.240068 
put  934841 315205 77708 3.715117 
remove  631205 307082 368724 
put  406413 38156 795843 1.961313 
get  171630 243734 398657 
put  541891 135154 156730 4.614673 
put  446742 270213 934165 4.200045 
put  183705 545700 493066 4.495065 
get  873444 933382 623183 
put  528051 396278 906676 4.819053 
put  284108 152004 270254 4.217246 
put  831337 907994 452583 4.930081 
put  743856 574645 965199 2.962682 
get  559957 406726 346251 
put  235133 41834 754603 3.649313 
put  950311 661022 591396 3.048769 
get  882715 858907 938763 
put  998874 789366 871499 1.474376 
get  889445 441687 699435 
put  423238 167834 614675 1.034712 
put  883206 353399 246068 4.296433 
get  435982 187157 565970 
get  992895 460639 450263 
put  156851 519655 913511 4.149446 
get  284108 152004 270254 
put  468959 765141 448290 1.926039 
put  974120 661817 993995 2.802844 
get  190597 350615 456382 
put  724930 800467 855938 2.600979 
get  621473 720452 406285 
put  333825 129509 57053 2.819067 
put  574440 601578 845062 1.463128 
get  588137 138870 914075 
remove  142899 2599 362631 
remove  889445 441687 699435 
remove  435982 187157 565970 
get  862668 477026 983235 
get  283125 912694 422529 
put  76086 321774 771032 3.496348 
put  179394 648901 20127 2.957055 
put  307839 454075 914495 3.587215 
remove  918586 88925 448065 
get  764052 913117 291665 
put  692435 33251 992086 2.716906 
put  32266 382894 388248 4.437257 
put  358176 9368 575050 2.545888 
put  295304 509559 681706 4.252715 
get  423238 167834 614675 
get  890056 558275 989006 
get  528051 396278 906676 
remove  537393 395623 26272 
put  815284 395533 992326 1.653612 
put  750253 609957 581737 3.632279 
get  14553 441198 334076 
remove  33682 650129 319069 
put  117225 777390 805801 1.179496 
remove  544409 722730 165244 
put  154296 634510 345257 4.768544 
get  468788 982735 893463 
put  279249 592159 755696 3.629808 
put  472998 667411 137545 1.459468 
get  567496 197044 369519 
get  278877 540171 166688 
put  0 641121 947 1.835934 
get  899654 203044 260005 
put  20 418088 843057 4.520155 
get  190597 350615 456382 
put  998524 111010 179963 4.364849 
get  917956 81468 630144 
put  958181 384713 327466 3.542463 
put  905611 471765 335036 3.570855 
put  329598 792201 305248 3.781718 
put  26675 570511 565353 2.575285 
get  586797 453408 983808 
put  656002 381728 630330 4.133607 
put  263247 260284 907884 2.499658 
put  212470 26120 931527 3.367018 
get  769386 572888 698151 
get  883206 353399 246068 
get  123191 760397 640348 
put  338154 684584 878119 1.266912 
put  212850 373431 930196 2.465016 
put  682506 979177 798724 2.102593 
get  435976 681250 238921 
remove  709852 539324 758775 
remove  435976 681250 238921 
put  565403 794878 992386 3.092373 
get  846756 426487 654835 
put  522791 518816 978151 2.941996 
put  393857 609229 560218 2.231339 
get  559314 1344 82340 
get  890056 558275 989006 
get  910885 41833 480836 
get  386709 366062 452603 
put  736103 305755 475113 4.930381 
get  279249 592159 755696 
get  347869 995258 316036 
put  244385 802870 939647 4.774643 
put  65105 30798 787685 1.105143 
put  693218 354480 967763 1.664938 
get  148509 430173 808874 
put  169255 84499 937810 3.294154 
get  32266 382894 388248 
remove  998524 111010 179963 
get  476606 734855 287465 
get  271346 712905 812158 
put  387594 768450 684326 1.710405 
put  818284 453442 720654 4.55525 
put  614844 27913 785283 1.310307 
remove  803103 623906 194158 
remove  743856 574645 965199 
put  71048 342129 618195 4.667717 
put  928922 704582 415751 4.741123 
remove  33074 406116 806287 
put  890685 697329 777716 2.636044 
put  963916 808138 987428 2.981187 
put  795307 626362 329340 4.727786 
put  833688 266830 126533 4.300933 
get  587810 731229 617330 
get  271346 712905 812158 
get  639164 549640 990646 
put  317396 747772 580336 1.666098 
get  361557 345076 223009 
put  917625 363891 836222 4.203429 
put  14050 765584 189019 2.55886 
get  211018 104427 485776 
put  198213 685559 303357 2.301099 
put  57466 781715 860479 1.246512 
put  566345 421904 537659 1.983595 
put  604152 709535 808313 3.734121 
put  979331 19677 46396 4.270971 
remove  396748 376699 415795 
get  567496 197044 369519 
get  661063 182276 994910 
put  299123 298552 123440 3.546588 
get  974120 661817 993995 
get  333825 129509 57053 
put  31745 872599 346155 2.898283 
get  595010 898845 960423 
get  299123 298552 123440 
put  236464 942560 230437 1.0574 
put  720086 859507 597853 1.29375 
get  341520 962722 904845 
put  663020 539644 241612 4.423977 
put  788614 878722 538202 2.211365 
put  569801 77198 632452 2.06121 
put  69721 964918 789773 4.02239 
get  211018 104427 485776 
put  932864 989019 224969 4.619649 
get  258975 240724 99929 
put  568566 102464 66421 3.92534 
get  406413 38156 795843 
get  674295 259347 285361 
get  233601 740860 313659 
put  319665 467627 141773 1.196929 
get  932864 989019 224969 
put  167871 455707 742890 3.242675 
put  256041 474404 736209 1.667748 
put  171899 163506 598139 3.681152 
put  854526 993457 254391 3.61545 
put  468647 510796 208624 3.292222 
remove  764052 913117 291665 
put  144298 914141 694827 2.105187 
get  531450 629781 48829 
put  549893 993133 557085 2.737982 
remove  947395 815197 894762 
get  256041 474404 736209 
put  763169 369256 135422 2.898759 
put  995434 47247 109982 1.256037 
put  914701 645525 84065 2.323871 
get  460711 352034 877927 
get  406413 38156 795843 
put  429257 347336 607602 1.299598 
put  492745 606291 33640 2.287848 
put  355797 598952 892011 2.664945 
get  26675 570511 565353 
get  468158 680534 322313 
put  36433 275328 220213 1.938936 
get  899654 203044 260005 
put  139725 917236 755053 4.155593 
put  435898 392327 247613 1.144749 
put  908039 438726 704542 4.462987 
get  492745 606291 33640 
put  101348 677582 326049 3.409928 
get  468158 680534 322313 
get  621473 720452 406285 
put  701090 911411 902807 1.538068 
put  886913 839542 816717 3.970082 
put  522896 127961 111346 1.80537 
put  595219 659025 351063 4.160785 
put  627231 159677 538943 1.199286 
get  423238 167834 614675 
get  245372 47895 736052 
get  750253 609957 581737 
get  995434 47247 109982 
put  250523 987991 217233 2.026381 
remove  979331 19677 46396 
get  361557 345076 223009 
put  248126 227516 306950 2.28912 
get  183705 545700 493066 
get  94864 560901 512988 
put  762436 161352 492393 1.835401 
get  283483 251192 525660 
get  393857 609229 560218 
remove  621473 720452 406285 
remove  640411 763360 239034 
get  472998 667411 137545 
put  739623 596306 341778 1.089967 
put  193479 558423 201951 3.164126 
get  899654 203044 260005 
put  307644 121582 487863 2.467793 
get  404658 268006 581003 
put  860174 3448 203429 3.067295 
get  435898 392327 247613 
get  595219 659025 351063 
get  930188 263899 62082 
remove  404658 268006 581003 
get  295304 509559 681706 
get  423238 167834 614675 
get  950311 661022 591396 
remove  26675 570511 565353 
remove  762436 161352 492393 
get  418187 152755 945737 
put  577426 8757 375895 1.886844 
get  656002 381728 630330 
put  817194 573683 585063 4.055317 
put  821811 352080 44226 3.860622 
put  382282 58331 191338 4.26495 
put  743755 898737 798967 3.991877 
get  809720 915803 498420 
remove  341520 962722 904845 
put  880492 778270 240825 2.675633 
get  198213 685559 303357 
remove  65105 30798 787685 
remove  627231 159677 538943 
get  818284 453442 720654 
put  654345 898132 222855 4.768092 
get  36433 275328 220213 
remove  476606 734855 287465 
remove  882715 858907 938763 
get  932864 989019 224969 
get  565403 794878 992386 
put  393235 718111 218518 3.532292 
remove  329855 776175 28945 
put  646330 189313 843418 2.47509 
put  934146 158371 741866 4.479158 
get  283125 912694 422529 
get  605802 44007 867337 
put  912797 21877 48355 2.758104 
put  700713 688601 277378 1.364727 
get  492336 668151 782077 
put  31232 735433 39223 1.998258 
get  445235 113800 319410 
get  932864 989019 224969 
get  567496 197044 369519 
get  893669 379847 439562 
put  234373 170937 586798 4.977914 
get  319620 785090 13267 
get  867926 483561 517467 
remove  623366 391253 537114 
put  726347 324938 629925 2.73092 
put  309080 676756 610554 3.61846 
get  278877 540171 166688 
put  759519 150649 203658 2.922248 
get  739623 596306 341778 
put  869217 499330 580173 4.614264 
put  235270 873337 107727 2.456582 
put  61365 895486 706236 4.573212 
put  430789 463984 974444 4.983732 
put  224522 485916 217723 3.124458 
get  917956 81468 630144 
get  429257 347336 607602 
get  248126 227516 306950 
put  786822 137376 635104 4.226942 
get  57466 781715 860479 
put  523157 639149 568354 3.89979 
get  99032 774132 418251 
get  693218 354480 967763 
put  583038 73044 95302 4.212375 
get  674295 259347 285361 
put  507457 282899 705228 4.999592 
get  139725 917236 755053 
put  568082 240771 196402 3.117243 
put  491701 766940 810866 1.846483 
put  956849 147886 776949 1.808237 
get  739623 596306 341778 
get  472998 667411 137545 
get  449682 976960 737382 
remove  355797 598952 892011 
put  531554 954986 422045 2.245768 
put  123378 541532 869721 3.012825 
get  914701 645525 84065 
get  387594 768450 684326 
put  142079 400517 847704 2.372563 
put  624103 864539 225232 4.051965 
put  860785 568283 585945 4.339148 
put  878417 830163 372761 3.088465 
put  676511 350389 661341 1.253638 
put  847654 908549 885960 3.194113 
get  530990 279204 314950 
remove  587810 731229 617330 
get  309080 676756 610554 
put  374574 958640 249262 2.426474 
put  562532 571064 199629 2.104519 
get  847654 908549 885960 
get  211018 104427 485776 
remove  472998 667411 137545 
get  17105 921938 854264 
put  151925 868904 14715 4.806107 
get  404441 363796 147122 
get  821811 352080 44226 
put  247959 568846 334142 2.229322 
put  235843 413762 302586 4.928682 
get  32266 382894 388248 
remove  568566 102464 66421 
get  234373 170937 586798 
put  106417 333410 51150 3.583965 
put  341495 90802 169412 2.561768 
get  932864 989019 224969 
get  175301 858877 891634 
put  416072 872146 160027 2.683873 
remove  815284 395533 992326 
get  248126 227516 306950 
get  750253 609957 581737 
put  712232 999626 188201 4.176692 
get  938170 13538 253250 
put  277879 155403 820658 1.978127 
put  378996 637211 865499 2.569793 
put  134348 571337 504194 3.838101 
get  142079 400517 847704 
put  230334 170732 342160 2.313059 
get  123191 760397 640348 
put  204784 260316 601339 1.784802 
put  377011 553318 185699 1.334945 
put  991534 111369 155443 4.577995 
get  739991 804706 263688 
put  745810 359125 751765 2.376143 
put  4074 90759 134845 1.083598 
get  559314 1344 82340 
put  461572 964324 511652 1.393359 
put  278575 950954 539584 2.505428 
put  637898 809524 76777 3.555698 
get  468788 982735 893463 
get  639164 549640 990646 
remove  423238 167834 614675 
put  728112 771219 957405 2.941372 
put  712059 547624 145470 2.190438 
put  441578 919261 369336 3.045209 
put  345227 625576 630352 1.030246 
get  547036 415405 553727 
put  207688 891132 120866 3.375314 
put  267944 327369 398365 4.706108 
get  492745 606291 33640 
get  965997 868053 953234 
get  393529 137937 155761 
get  4528 341406 662287 
get  528051 396278 906676 
get  293883 714327 674982 
put  26453 930794 736294 3.026049 
remove  101348 677582 326049 
get  441578 919261 369336 
put  848943 885300 318159 4.743093 
put  942506 637828 44528 4.981503 
get  416072 872146 160027 
get  212850 373431 930196 
get  739623 596306 341778 
get  151925 868904 14715 
get  278575 950954 539584 
put  891274 705 463437 2.515761 
remove  333825 129509 57053 
get  258975 240724 99929 
put  101246 748542 830051 2.694357 
get  739991 804706 263688 
get  4528 341406 662287 
put  134664 784494 861479 1.573191 
get  31745 872599 346155 
get  266518 558818 92312 
get  468647 510796 208624 
put  551906 275898 679221 4.254262 
get  76086 321774 771032 
put  414883 230418 481270 1.892118 
get  788614 878722 538202 
put  507233 820203 41089 2.920011 
put  878246 675502 436159 3.246884 
put  900011 316368 422031 2.150457 
put  902452 136096 693576 1.920769 
remove  387594 768450 684326 
put  131454 619817 340428 3.880233 
put  888136 180508 757414 1.667677 
put  978590 960003 556757 4.596716 
put  831628 271957 156783 3.088471 
remove  267944 327369 398365 
get  198213 685559 303357 
get  17829 57088 401243 
put  639805 179571 22556 2.679686 
get  655726 676552 915018 
get  559314 1344 82340 
put  899439 116580 265549 1.408932 
put  311649 656672 817478 4.214221 
get  211018 104427 485776 
get  788614 878722 538202 
put  264502 760804 477991 4.218536 
put  876559 611014 281849 3.898666 
put  238486 182959 416916 4.033956 
put  159633 193186 508215 1.845258 
get  317396 747772 580336 
get  14050 765584 189019 
put  774114 741989 648306 2.217551 
put  501117 198097 198091 4.2052 
get  559314 1344 82340 
put  10251 694158 76742 4.937027 
put  445025 820022 460100 1.884279 
put  146191 706676 251574 3.779409 
get  446742 270213 934165 
put  488049 923383 501810 3.762711 
remove  894763 969838 774868 
put  722736 50461 882569 1.722989 
put  486175 267945 129647 4.885904 
put  593638 993860 590189 2.939087 
get  741870 304484 390431 
get  307839 454075 914495 
put  875521 789277 333886 3.700325 
put  522941 282430 411308 3.604733 
put  10075 301462 818843 1.045305 
put  299349 80311 773778 4.084391 
put  101937 174100 51515 2.136597 
get  212470 26120 931527 
put  495394 526037 501047 3.419044 
put  200721 195684 951042 2.314552 
get  886913 839542 816717 
get  880492 778270 240825 
put  296297 137832 478790 1.05434 
put  275811 411123 899365 3.902572 
put  505218 715380 907432 3.51073 
get  146191 706676 251574 
put  663156 967265 929591 3.209059 
put  587405 459232 605347 3.777061 
put  84202 620244 719191 4.22831 
put  746458 539863 662007 2.642743 
remove  296297 137832 478790 
remove  101246 748542 830051 
get  967836 792157 832663 
put  477632 636494 432823 3.792113 
remove  330862 952235 363798 
put  499749 20701 417679 3.628335 
get  659018 473703 80563 
get  888136 180508 757414 
get  636327 220672 998339 
put  255543 345243 584651 2.623656 
put  146256 366539 510631 4.594361 
get  71048 342129 618195 
put  766597 619577 651459 3.559548 
put  360779 973417 423476 4.166761 
get  123378 541532 869721 
put  613424 307113 743707 3.216926 
get  465460 662479 707565 
put  410804 443322 194554 3.097493 
put  457449 894431 563108 3.004103 
put  722324 410574 739815 3.040236 
put  320799 906426 441337 1.13488 
put  205338 707845 672 1.611565 
put  897801 737567 328049 3.642329 
get  277879 155403 820658 
remove  817194 573683 585063 
put  541948 232108 917716 1.03701 
put  922725 968418 827669 1.688177 
get  448601 652558 209041 
get  26243 309966 421514 
put  371449 258287 490039 4.855887 
get  788614 878722 538202 
get  905611 471765 335036 
put  759191 483832 552692 1.360181 
put  71966 936857 346153 1.017602 
remove  956849 147886 776949 
get  414883 230418 481270 
remove  626388 422662 555870 
get  489485 654261 906497 
put  104865 746080 839476 3.382327 
put  166196 789079 303112 4.955433 
put  690696 718250 322803 3.372995 
get  264502 760804 477991 
put  127047 279363 821601 2.64159 
get  84202 620244 719191 
put  820718 932757 707692 2.710479 
get  595219 659025 351063 
put  952303 168725 80494 3.156922 
put  449008 966573 456919 1.412936 
get  144298 914141 694827 
put  276830 375565 628519 3.335849 
get  663156 967265 929591 
put  289201 373890 794781 1.946594 
put  208412 908676 548377 3.09037 
get  416476 788992 964011 
remove  722324 410574 739815 
get  899439 116580 265549 
put  74816 169286 645391 2.086476 
get  146191 706676 251574 
remove  156851 519655 913511 
get  46860 152587 41950 
put  237525 706804 186429 3.294345 
put  403098 733441 993516 4.752957 
get  797761 308778 370933 
put  611413 442157 443701 2.720665 
get  134664 784494 861479 
get  945891 365999 30893 
remove  184391 924191 182168 
put  867653 727390 925226 1.754479 
remove  224522 485916 217723 
get  275811 411123 899365 
put  526732 152804 774842 4.081331 
put  967032 187633 205280 4.787464 
put  781089 543907 913289 4.556677 
put  848590 323504 936858 4.445062 
put  368521 256768 931464 2.5662 
put  453864 70443 837469 3.137819 
put  524439 315925 373231 2.811821 
remove  492336 668151 782077 
put  263246 433991 996184 1.043745 
get  341495 90802 169412 
get  345227 625576 630352 
put  250530 524939 990925 2.418844 
get  20 418088 843057 
put  34756 132385 736071 1.655174 
put  952464 822914 812779 2.008726 
put  405954 761617 299494 1.863827 
put  7615 509141 21235 3.763444 
put  950553 816949 993931 3.999947 
get  531997 537467 879594 
get  347869 995258 316036 
get  26453 930794 736294 
get  662056 405080 357997 
get  258975 240724 99929 
remove  382282 58331 191338 
put  191970 463991 79942 2.168376 
put  895136 314762 42226 3.936088 
get  611413 442157 443701 
remove  263247 260284 907884 
get  569801 77198 632452 
put  905984 876958 223613 4.101429 
put  323830 795342 568533 4.384659 
put  948319 575765 748138 4.819136 
get  854526 993457 254391 
put  48648 384313 399864 3.142356 
get  693218 354480 967763 
get  886913 839542 816717 
remove  317396 747772 580336 
put  72388 164784 783785 1.757386 
put  273926 235669 214923 2.87595 
remove  908039 438726 704542 
get  505218 715380 907432 
get  712059 547624 145470 
get  847654 908549 885960 
get  236464 942560 230437 
remove  410804 443322 194554 
get  878417 830163 372761 
put  284963 881059 725802 2.744064 
put  178716 358605 872188 3.918784 
put  555115 437381 677499 4.331547 
put  168004 462274 358271 3.530642 
get  211018 104427 485776 
get  532617 829096 269988 
put  758913 259495 836075 3.458446 
get  914701 645525 84065 
put  769537 438006 480189 3.734935 
put  415247 928488 878017 3.06861 
put  201791 224966 953163 4.275388 
remove  846756 426487 654835 
remove  795307 626362 329340 
get  523157 639149 568354 
get  873444 933382 623183 
get  875521 789277 333886 
get  445235 113800 319410 
get  373935 577415 502306 
put  385442 238443 409516 3.88393 
put  492770 615279 816486 3.153674 
put  489380 821404 194992 4.215053 
get  258975 240724 99929 
put  671691 883551 516223 3.347555 
put  888434 993142 454567 4.177615 
remove  848590 323504 936858 
put  227631 193597 91694 2.561017 
get  64844 932035 624830 
put  814266 742870 527146 2.364359 
put  522543 947027 205853 1.299888 
get  235133 41834 754603 
get  405954 761617 299494 
put  563166 291063 583173 4.827581 
put  865258 959209 439518 3.713404 
put  909353 505214 956876 2.38822 
get  674295 259347 285361 
put  264201 877933 595869 1.542718 
put  770556 467704 163779 3.744848 
put  737666 576276 40593 1.943661 
put  29254 666332 775963 3.283522 
get  201791 224966 953163 
get  551906 275898 679221 
get  471815 769686 297098 
remove  264502 760804 477991 
put  208267 812996 119016 4.986727 
put  162827 760365 550173 2.744082 
put  553816 545339 933162 1.541549 
remove  429257 347336 607602 
get  371449 258287 490039 
put  755376 958554 210013 3.877433 
get  938457 12509 184488 
put  303461 824000 327477 3.743528 
get  952464 822914 812779 
put  326131 97808 438897 4.925349 
get  198213 685559 303357 
put  520128 280174 214428 1.615446 
put  432886 79865 82821 4.363037 
get  593781 313004 861553 
put  875131 22437 582617 4.725709 
put  683586 586416 785163 1.536654 
put  213634 697121 803495 1.304214 
put  393719 246393 305628 3.983095 
